00000044
00000000
80000640
00000010
00000000
00000000
00000000
00000000
00000000
00000000
ff0055ff
ffff9b8a
ffff6745
ffff6b6a
ffffffff
ffffffff
03_06_05_08
04_09_07_02
00_01_00_0d
0c_0b_01_00
00_00_00_00
07_0a_09_05
08_04_02_0d
00_01_00_06
0c_0b_01_00
00_00_00_00
05_03_06_07
09_08_04_02
00_01_00_0a
0c_0b_01_00
00_00_00_00
0a_02_0d_03
07_04_09_05
00_01_00_08
0c_0b_01_00
00_00_00_00
00000000
00000000
00000000
00000000
00000000
00000000
00000000
00000000
00000000
00000000
00000000
00000000
00000000
00000000
00000000
00000000
00000000
00000000
00000000
00000000
00000000
00000000
00000000
00000000
00000000
00000000
00000000
00000000
00000c70
00000044
00000018
00000000
00000000
00000000
00000000
00000000
00000000
061c0b06
28200004
000400d8
82000000
00d00605
00270b06
00000000
034a0200
7d3e7a7a
034a0200
7d3e7a7a
034a0200
7d3e7a7a
034a0200
7d3e7a7a
034a0200
7d3e7a7a
034a0200
7d3e7a7a
034a0200
7d3e7a7a
034a0200
7d3e7a7a
034a0200
7d3e7a7a
00000000
00000000
00000000
00000000
00000000
00000000
00000000
00000000
00000000
00000000
00000000
00000000
00000000
00000000
00000000
00000000
00000000
00000000
00000000
00000000
00000000
00000000
00000000
00000000
00000000
00000000
00000000
00000000
00000000
00000000
00000000
00000000
00000000
00000000
00000000
00000000
00000000
00000000
00000000
00000000
00000000
00000000
00000000
00000000
00000000
00000000
00000000
00000000
00000000
00000000
00000000
00000000
00000000
00000000
00000000
00000000
00000000
00000000
00000000
00000000
00000000
00000000
00000000
00000000
00000000
00000000
00000000
00000000
00000000
00000000
00000000
00000000
00000000
00000000
00000000
00000000
00000000
00000000
00000000
00000000
00000000
00000000
00000000
00000000
00000000
00000000
00000000
00000000
00000000
00000000
00000000
00000000
00000000
00000000
00000000
00000000
00000000
00000000
00000000
00000000
00000000
00000000
00000000
00000000
00000000
00000000
00000000
00000000
00000000
00000000
00000000
00000000
00000000
00000000
00000000
00000000
00000000
00000000
00000000
00000000
00000000
00000000
00000000
00000000
00000000
00000000
00000000
00000000
00000000
00000000
00000000
00000000
00000000
00000000
00000000
00000000
00000000
00000000
00000000
00000000
00000000
00000000
00000000
00000000
00000000
00000000
00000000
00000000
00000000
00000000
00000000
00000000
00000000
00000000
00000000
00000000
00000000
00000000
